  0.492912173221065     
  0.828892856752296     
  0.828892856751231     
  0.492912173242796     
  0.492912173240316     
  0.492912173234957     
  0.828892856777181     
  0.828892856785404     
   1.38283127518911     
   1.38283127530996     
   1.38283127532735     
   1.38283127531292     
  0.441384780350859     
   1.38283127528637     
   1.38283127528657     
   1.38283127530904     
   1.38283127532764     
   1.38283127532759     
   1.38283127532740     
   1.38283127531301     
   1.38283127532744     
  0.828892856743552     
  0.828892856739670     
  0.492912173213034     
   1.38283127532750     
   1.38283127528616     
  0.828892856726840     
  0.492912173220247     
  0.492912173220123     
  0.492912173240611     
  0.828892856779355     
   1.38283127534936     
   1.38283127530914     
-9999.
  0.492912173234965     
  0.828892856775773     
  0.492912173238967     
-9999.
-9999.
   1.38283127530982     
   1.38283127530996     
  0.492912173204006     
   1.38283127518719     
   1.38283127518710     
   1.38283127518777     
  0.828892856782994     
  0.828892856744038     
  0.828892856763962     
-9999.
-9999.
  0.268069650464507     
  0.441356061518789     
  0.492912173234983     
-9999.
-9999.
-9999.
  0.828876994406779     
   1.38283127530952     
   1.38283127518711     
   1.38283127518721     
  0.828892856787169     
