29,423,321
32,281,329
42,407,323
45,407,323
46,408,323
47,408,323
78,522,306
96,125,315
97,126,315
98,126,315
109,424,311
114,418,308
115,423,312
116,421,312
117,421,312
118,300,312
127,423,312
134,409,323
135,409,322
137,410,323
139,412,322
140,414,322
141,415,322
144,416,322
145,415,322
146,416,322
147,417,321
148,417,321
149,419,321
151,420,321
152,422,322
153,422,321
154,423,321
157,429,321
158,429,321
159,430,320
164,438,320
171,408,323
172,424,322
173,423,321
175,423,319
176,423,319
177,422,318
178,421,318
179,422,318
180,423,319
182,423,319
183,407,323
186,408,323
188,408,323
189,408,323
190,408,323
191,408,323
205,407,323
214,407,323
216,407,323
217,407,323
221,259,324
234,272,331
239,259,323
257,235,328
264,392,314
267,397,316
268,397,316
269,397,316
270,397,316
271,421,318
274,421,318
275,421,318
276,421,318
277,421,318
280,421,318
369,260,305
370,260,305
371,260,305
374,259,305
375,260,305
378,260,305
381,295,322
394,399,303
395,404,304
406,418,307
433,425,310
438,429,311
469,407,323
487,423,319
489,423,319
492,422,318
496,406,321
499,423,320
500,423,319
509,423,319
510,423,319
511,423,320
533,431,308
539,431,308
29,423,321
32,281,329
42,407,323
45,407,323
46,408,323
47,408,323
78,522,306
96,125,315
97,126,315
98,126,315
109,424,311
114,418,308
115,423,312
116,421,312
117,421,312
118,300,312
127,423,312
134,409,323
135,409,322
137,410,323
139,412,322
140,414,322
141,415,322
144,416,322
145,415,322
146,416,322
147,417,321
148,417,321
149,419,321
151,420,321
152,422,322
153,422,321
154,423,321
157,429,321
158,429,321
159,430,320
164,438,320
171,408,323
172,424,322
173,423,321
175,423,319
176,423,319
177,422,318
178,421,318
179,422,318
180,423,319
182,423,319
183,407,323
186,408,323
188,408,323
189,408,323
190,408,323
191,408,323
205,407,323
214,407,323
216,407,323
217,407,323
221,259,324
234,272,331
239,259,323
257,235,328
264,392,314
267,397,316
268,397,316
269,397,316
270,397,316
271,421,318
274,421,318
275,421,318
276,421,318
277,421,318
280,421,318
369,260,305
370,260,305
371,260,305
374,259,305
375,260,305
378,260,305
381,295,322
394,399,303
395,404,304
406,418,307
433,425,310
438,429,311
469,407,323
487,423,319
489,423,319
492,422,318
496,406,321
499,423,320
500,423,319
509,423,319
510,423,319
511,423,320
533,431,308
539,431,308
